9 -243.622
19 -242.261
29 -240.899
39 -239.537
49 -238.175
59 -236.813
69 -235.452
79 -234.09
89 -232.728
99 -231.366
109 -230.005
119 -228.643
129 -227.281
139 -225.919
149 -224.557
159 -223.196
169 -221.834
179 -220.472
189 -219.11
199 -217.749
209 -216.387
219 -215.025
229 -213.663
239 -212.301
249 -210.94
259 -209.578
269 -208.216
279 -206.854
289 -205.493
299 -204.131
309 -202.769
319 -201.407
329 -200.045
339 -198.684
349 -197.322
359 -195.96
369 -194.598
379 -193.236
389 -191.875
399 -190.513
409 -189.151
419 -187.789
429 -186.428
439 -185.066
449 -183.704
459 -182.342
469 -180.98
479 -179.619
489 -178.257
499 -176.895
509 -175.533
519 -174.172
529 -172.81
539 -171.448
549 -170.086
559 -168.724
569 -167.363
579 -166.001
589 -164.639
599 -163.277
609 -161.916
619 -160.554
629 -159.192
639 -157.83
649 -156.468
659 -155.107
669 -153.745
679 -152.383
689 -151.021
699 -149.66
709 -148.298
719 -146.936
729 -145.574
739 -144.212
749 -142.851
759 -141.489
769 -140.127
779 -138.765
789 -137.404
799 -136.042
809 -134.68
819 -133.318
829 -131.956
839 -130.595
849 -129.233
859 -127.871
869 -126.509
879 -125.148
889 -123.786
899 -122.424
909 -121.062
919 -119.7
929 -118.339
939 -116.977
949 -115.615
959 -114.253
969 -112.892
979 -111.53
989 -110.168
999 -108.806
1009 -107.444
1019 -106.083
1029 -104.721
1039 -103.359
1049 -101.997
1059 -100.635
1069 -99.2737
1079 -97.9119
1089 -96.5502
1099 -95.1884
1109 -93.8266
1119 -92.4648
1129 -91.103
1139 -89.7413
1149 -88.3795
1159 -87.0177
1169 -85.6559
1179 -84.2941
1189 -82.9324
1199 -81.5706
1209 -80.2088
1219 -78.847
1229 -77.4852
1239 -76.1235
1249 -74.7617
1259 -73.3999
1269 -72.0381
1279 -70.6764
1289 -69.3146
1299 -67.9528
1309 -66.591
1319 -65.2292
1329 -63.8675
1339 -62.5057
1349 -61.1439
1359 -59.7821
1369 -58.4203
1379 -57.0586
1389 -55.6968
1399 -54.335
1409 -52.9732
1419 -51.6114
1429 -50.2497
1439 -48.8879
1449 -47.5261
1459 -46.1643
1469 -44.8025
1479 -43.4408
1489 -42.079
1499 -40.7172
1509 -39.3554
1519 -37.9936
1529 -36.6319
1539 -35.2701
1549 -33.9083
1559 -32.5465
1569 -31.1847
1579 -29.823
1589 -28.4612
1599 -27.0994
1609 -25.7376
1619 -24.3759
1629 -23.0141
1639 -21.6523
1649 -20.2905
1659 -18.9287
1669 -17.567
1679 -16.2052
1689 -14.8434
1699 -13.4816
1709 -12.1198
1719 -10.7581
1729 -9.39628
1739 -8.0345
1749 -6.67272
1759 -5.31094
1769 -3.94916
1779 -2.58738
1789 -1.2256
1799 0.136178
1809 1.49796
1819 2.85974
1829 4.22152
1839 5.5833
1849 6.94507
1859 8.30685
1869 9.66863
1879 11.0304
1889 12.3922
1899 13.754
1909 15.1158
1919 16.4775
1929 17.8393
1939 19.2011
1949 20.5629
1959 21.9246
1969 23.2864
1979 24.6482
1989 26.01
1999 27.3718
2009 28.7335
2019 30.0953
2029 31.4571
2039 32.8189
2049 34.1807
2059 35.5424
2069 36.9042
2079 38.266
2089 39.6278
2099 40.9896
2109 42.3513
2119 43.7131
2129 45.0749
2139 46.4367
2149 47.7985
2159 49.1602
2169 50.522
2179 51.8838
2189 53.2456
2199 54.6074
2209 55.9691
2219 57.3309
2229 58.6927
2239 60.0545
2249 61.4163
2259 62.778
2269 64.1398
2279 65.5016
2289 66.8634
2299 68.2251
2309 69.5869
2319 70.9487
2329 72.3105
2339 73.6723
2349 75.034
2359 76.3958
2369 77.7576
2379 79.1194
2389 80.4812
2399 81.8429
2409 83.2047
2419 84.5665
2429 85.9283
2439 87.2901
2449 88.6518
2459 90.0136
2469 91.3754
2479 92.7372
2489 94.099
2499 95.4607
2509 96.8225
2519 98.1843
2529 99.5461
2539 100.908
2549 102.27
2559 103.631
2569 104.993
2579 106.355
2589 107.717
2599 109.079
2609 110.44
2619 111.802
2629 113.164
2639 114.526
2649 115.887
2659 117.249
2669 118.611
2679 119.973
2689 121.335
2699 122.696
2709 124.058
2719 125.42
2729 126.782
2739 128.143
2749 129.505
2759 130.867
2769 132.229
2779 133.591
2789 134.952
2799 136.314
2809 137.676
2819 139.038
2829 140.399
2839 141.761
2849 143.123
2859 144.485
2869 145.847
2879 147.208
2889 148.57
2899 149.932
2909 151.294
2919 152.655
2929 154.017
2939 155.379
2949 156.741
2959 158.103
2969 159.464
2979 160.826
2989 162.188
2999 163.55
3009 164.911
3019 166.273
3029 167.635
3039 168.997
3049 170.359
3059 171.72
3069 173.082
3079 174.444
3089 175.806
3099 177.167
3109 178.529
3119 179.891
3129 181.253
3139 182.615
3149 183.976
3159 185.338
3169 186.7
3179 188.062
3189 189.424
3199 190.785
3209 192.147
3219 193.509
3229 194.871
3239 196.232
3249 197.594
3259 198.956
3269 200.318
3279 201.68
3289 203.041
3299 204.403
3309 205.765
3319 207.127
3329 208.488
3339 209.85
3349 211.212
3359 212.574
3369 213.936
3379 215.297
3389 216.659
3399 218.021
3409 219.383
3419 220.744
3429 222.106
3439 223.468
3449 224.83
3459 226.192
3469 227.553
3479 228.915
3489 230.277
3499 231.639
3509 233
3519 234.362
3529 235.724
3539 237.086
3549 238.448
3559 239.809
3569 241.171
3579 242.533
3589 243.895
3599 245.256
3609 246.618
3619 247.98
3629 249.342
3639 250.704
3649 252.065
3659 253.427
3669 254.789
3679 256.151
3689 257.512
3699 258.874
3709 260.236
3719 261.598
3729 262.96
3739 264.321
3749 265.683
3759 267.045
3769 268.407
3779 269.768
3789 271.13
3799 272.492
3809 273.854
3819 275.216
3829 276.577
3839 277.939
3849 279.301
3859 280.663
3869 282.025
3879 283.386
3889 284.748
3899 286.11
3909 287.472
3919 288.833
3929 290.195
3939 291.557
3949 292.919
3959 294.281
3969 295.642
3979 297.004
3989 298.366
3999 299.728
4009 300
4019 300
4029 300
4039 300
4049 300
4059 300
4069 300
4079 300
4089 300
4099 300
4109 300
4119 300
4129 300
4139 300
4149 300
4159 300
4169 300
4179 300
4189 300
4199 300
4209 300
4219 300
4229 300
4239 300
4249 300
4259 300
4269 300
4279 300
4289 300
4299 300
4309 300
4319 300
4329 300
4339 300
4349 300
4359 300
4369 300
4379 300
4389 300
4399 300
4409 300
4419 300
4429 300
4439 300
4449 300
4459 300
4469 300
4479 300
4489 300
4499 300
4509 300
4519 300
4529 300
4539 300
4549 300
4559 300
4569 300
4579 300
4589 300
4599 300
4609 300
4619 300
4629 300
4639 300
4649 300
4659 300
4669 300
4679 300
4689 300
4699 300
4709 300
4719 300
4729 300
4739 300
4749 300
4759 300
4769 300
4779 300
4789 300
4799 300
4809 300
4819 300
4829 300
4839 300
4849 300
4859 300
4869 300
4879 300
4889 300
4899 300
4909 300
4919 300
4929 300
4939 300
4949 300
4959 300
4969 300
4979 300
4989 300
4999 300
5009 300
5019 300
5029 300
5039 300
5049 300
5059 300
5069 300
5079 300
5089 300
5099 300
5109 300
5119 300
5129 300
5139 300
5149 300
5159 300
5169 300
5179 300
5189 300
5199 300
5209 300
5219 300
5229 300
5239 300
5249 300
5259 300
5269 300
5279 300
5289 300
5299 300
5309 300
5319 300
5329 300
5339 300
5349 300
5359 300
5369 300
5379 300
5389 300
5399 300
5409 300
5419 300
5429 300
5439 300
5449 300
5459 300
5469 300
5479 300
5489 300
5499 300
5509 300
5519 300
5529 300
5539 300
5549 300
5559 300
5569 300
5579 300
5589 300
5599 300
5609 300
5619 300
5629 300
5639 300
5649 300
5659 300
5669 300
5679 300
5689 300
5699 300
5709 300
5719 300
5729 300
5739 300
5749 300
5759 300
5769 300
5779 300
5789 300
5799 300
5809 300
5819 300
5829 300
5839 300
5849 300
5859 300
5869 300
5879 300
5889 300
5899 300
5909 300
5919 300
5929 300
5939 300
5949 300
5959 300
5969 300
5979 300
5989 300
5999 300
6009 300
6019 300
6029 300
6039 300
6049 300
6059 300
6069 300
6079 300
6089 300
6099 300
6109 300
6119 300
6129 300
6139 300
6149 300
6159 300
6169 300
6179 300
6189 300
6199 300
6209 300
6219 300
6229 300
6239 300
6249 300
6259 300
6269 300
6279 300
6289 300
6299 300
6309 300
6319 300
6329 300
6339 300
6349 300
6359 300
6369 300
6379 300
6389 300
6399 300
6409 300
6419 300
6429 300
6439 300
6449 300
6459 300
6469 300
6479 300
6489 300
6499 300
6509 300
6519 300
6529 300
6539 300
6549 300
6559 300
6569 300
6579 300
6589 300
6599 300
6609 300
6619 300
6629 300
6639 300
6649 300
6659 300
6669 300
6679 300
6689 300
6699 300
6709 300
6719 300
6729 300
6739 300
6749 300
6759 300
6769 300
6779 300
6789 300
6799 300
6809 300
6819 300
6829 300
6839 300
6849 300
6859 300
6869 300
6879 300
6889 300
6899 300
6909 300
6919 300
6929 300
6939 300
6949 300
6959 300
6969 300
6979 300
6989 300
6999 300
7009 300
7019 300
7029 300
7039 300
7049 300
7059 300
7069 300
7079 300
7089 300
7099 300
7109 300
7119 300
7129 300
7139 300
7149 300
7159 300
7169 300
7179 300
7189 300
7199 300
7209 300
7219 300
7229 300
7239 300
7249 300
7259 300
7269 300
7279 300
7289 300
7299 300
7309 300
7319 300
7329 300
7339 300
7349 300
7359 300
7369 300
7379 300
7389 300
7399 300
7409 300
7419 300
7429 300
7439 300
7449 300
7459 300
7469 300
7479 300
7489 300
7499 300
7509 300
7519 300
7529 300
7539 300
7549 300
7559 300
7569 300
7579 300
7589 300
7599 300
7609 300
7619 300
7629 300
7639 300
7649 300
7659 300
7669 300
7679 300
7689 300
7699 300
7709 300
7719 300
7729 300
7739 300
7749 300
7759 300
7769 300
7779 300
7789 300
7799 300
7809 300
7819 300
7829 300
7839 300
7849 300
7859 300
7869 300
7879 300
7889 300
7899 300
7909 300
7919 300
7929 300
7939 300
7949 300
7959 300
7969 300
7979 300
7989 300
7999 300
8009 300
8019 300
8029 300
8039 300
8049 300
8059 300
8069 300
8079 300
8089 300
8099 300
8109 300
8119 300
8129 300
8139 300
8149 300
8159 300
8169 300
8179 300
8189 300
8199 300
8209 300
8219 300
8229 300
8239 300
8249 300
8259 300
8269 300
8279 300
8289 300
8299 300
8309 300
8319 300
8329 300
8339 300
8349 300
8359 300
8369 300
8379 300
8389 300
8399 300
8409 300
8419 300
8429 300
8439 300
8449 300
8459 300
8469 300
8479 300
8489 300
8499 300
8509 300
8519 300
8529 300
8539 300
8549 300
8559 300
8569 300
8579 300
8589 300
8599 300
8609 300
8619 300
8629 300
8639 300
8649 300
8659 300
8669 300
8679 300
8689 300
8699 300
8709 300
8719 300
8729 300
8739 300
8749 300
8759 300
8769 300
8779 300
8789 300
8799 300
8809 300
8819 300
8829 300
8839 300
8849 300
8859 300
8869 300
8879 300
8889 300
8899 300
8909 300
8919 300
8929 300
8939 300
8949 300
8959 300
8969 300
8979 300
8989 300
8999 300
9009 300
9019 300
9029 300
9039 300
9049 300
9059 300
9069 300
9079 300
9089 300
9099 300
9109 300
9119 300
9129 300
9139 300
9149 300
9159 300
9169 300
9179 300
9189 300
9199 300
9209 300
9219 300
9229 300
9239 300
9249 300
9259 300
9269 300
9279 300
9289 300
9299 300
9309 300
9319 300
9329 300
9339 300
9349 300
9359 300
9369 300
9379 300
9389 300
9399 300
9409 300
9419 300
9429 300
9439 300
9449 300
9459 300
9469 300
9479 300
9489 300
9499 300
9509 300
9519 300
9529 300
9539 300
9549 300
9559 300
9569 300
9579 300
9589 300
9599 300
9609 300
9619 300
9629 300
9639 300
9649 300
9659 300
9669 300
9679 300
9689 300
9699 300
9709 300
9719 300
9729 300
9739 300
9749 300
9759 300
9769 300
9779 300
9789 300
9799 300
9809 300
9819 300
9829 300
9839 300
9849 300
9859 300
9869 300
9879 300
9889 300
9899 300
9909 300
9919 300
9929 300
9939 300
9949 300
9959 300
9969 300
9979 300
9989 300
9999 300
10009 298.638
10019 297.276
10029 295.915
10039 294.553
10049 293.191
10059 291.829
10069 290.468
10079 289.106
10089 287.744
10099 286.382
10109 285.02
10119 283.659
10129 282.297
10139 280.935
10149 279.573
10159 278.212
10169 276.85
10179 275.488
10189 274.126
10199 272.764
10209 271.403
10219 270.041
10229 268.679
10239 267.317
10249 265.956
10259 264.594
10269 263.232
10279 261.87
10289 260.508
10299 259.147
10309 257.785
10319 256.423
10329 255.061
10339 253.7
10349 252.338
10359 250.976
10369 249.614
10379 248.252
10389 246.891
10399 245.529
10409 244.167
10419 242.805
10429 241.443
10439 240.082
10449 238.72
10459 237.358
10469 235.996
10479 234.635
10489 233.273
10499 231.911
10509 230.549
10519 229.187
10529 227.826
10539 226.464
10549 225.102
10559 223.74
10569 222.379
10579 221.017
10589 219.655
10599 218.293
10609 216.931
10619 215.57
10629 214.208
10639 212.846
10649 211.484
10659 210.123
10669 208.761
10679 207.399
10689 206.037
10699 204.675
10709 203.314
10719 201.952
10729 200.59
10739 199.228
10749 197.867
10759 196.505
10769 195.143
10779 193.781
10789 192.419
10799 191.058
10809 189.696
10819 188.334
10829 186.972
10839 185.611
10849 184.249
10859 182.887
10869 181.525
10879 180.163
10889 178.802
10899 177.44
10909 176.078
10919 174.716
10929 173.355
10939 171.993
10949 170.631
10959 169.269
10969 167.907
10979 166.546
10989 165.184
10999 163.822
11009 162.46
11019 161.099
11029 159.737
11039 158.375
11049 157.013
11059 155.651
11069 154.29
11079 152.928
11089 151.566
11099 150.204
11109 148.842
11119 147.481
11129 146.119
11139 144.757
11149 143.395
11159 142.034
11169 140.672
11179 139.31
11189 137.948
11199 136.586
11209 135.225
11219 133.863
11229 132.501
11239 131.139
11249 129.778
11259 128.416
11269 127.054
11279 125.692
11289 124.33
11299 122.969
11309 121.607
11319 120.245
11329 118.883
11339 117.522
11349 116.16
11359 114.798
11369 113.436
11379 112.074
11389 110.713
11399 109.351
11409 107.989
11419 106.627
11429 105.266
11439 103.904
11449 102.542
11459 101.18
11469 99.8184
11479 98.4567
11489 97.0949
11499 95.7331
11509 94.3713
11519 93.0095
11529 91.6478
11539 90.286
11549 88.9242
11559 87.5624
11569 86.2006
11579 84.8389
11589 83.4771
11599 82.1153
11609 80.7535
11619 79.3917
11629 78.03
11639 76.6682
11649 75.3064
11659 73.9446
11669 72.5828
11679 71.2211
11689 69.8593
11699 68.4975
11709 67.1357
11719 65.7739
11729 64.4122
11739 63.0504
11749 61.6886
11759 60.3268
11769 58.965
11779 57.6033
11789 56.2415
11799 54.8797
11809 53.5179
11819 52.1562
11829 50.7944
11839 49.4326
11849 48.0708
11859 46.709
11869 45.3473
11879 43.9855
11889 42.6237
11899 41.2619
11909 39.9001
11919 38.5384
11929 37.1766
11939 35.8148
11949 34.453
11959 33.0912
11969 31.7295
11979 30.3677
11989 29.0059
11999 27.6441
12009 26.2823
12019 24.9206
12029 23.5588
12039 22.197
12049 20.8352
12059 19.4734
12069 18.1117
12079 16.7499
12089 15.3881
12099 14.0263
12109 12.6645
12119 11.3028
12129 9.94099
12139 8.57921
12149 7.21743
12159 5.85565
12169 4.49387
12179 3.13209
12189 1.77031
12199 0.408534
12209 -0.953246
12219 -2.31502
12229 -3.6768
12239 -5.03858
12249 -6.40036
12259 -7.76214
12269 -9.12392
12279 -10.4857
12289 -11.8475
12299 -13.2093
12309 -14.571
12319 -15.9328
12329 -17.2946
12339 -18.6564
12349 -20.0182
12359 -21.3799
12369 -22.7417
12379 -24.1035
12389 -25.4653
12399 -26.8271
12409 -28.1888
12419 -29.5506
12429 -30.9124
12439 -32.2742
12449 -33.636
12459 -34.9977
12469 -36.3595
12479 -37.7213
12489 -39.0831
12499 -40.4448
12509 -41.8066
12519 -43.1684
12529 -44.5302
12539 -45.892
12549 -47.2537
12559 -48.6155
12569 -49.9773
12579 -51.3391
12589 -52.7009
12599 -54.0626
12609 -55.4244
12619 -56.7862
12629 -58.148
12639 -59.5098
12649 -60.8715
12659 -62.2333
12669 -63.5951
12679 -64.9569
12689 -66.3187
12699 -67.6804
12709 -69.0422
12719 -70.404
12729 -71.7658
12739 -73.1276
12749 -74.4893
12759 -75.8511
12769 -77.2129
12779 -78.5747
12789 -79.9365
12799 -81.2982
12809 -82.66
12819 -84.0218
12829 -85.3836
12839 -86.7453
12849 -88.1071
12859 -89.4689
12869 -90.8307
12879 -92.1925
12889 -93.5542
12899 -94.916
12909 -96.2778
12919 -97.6396
12929 -99.0014
12939 -100.363
12949 -101.725
12959 -103.087
12969 -104.448
12979 -105.81
12989 -107.172
12999 -108.534
13009 -109.896
13019 -111.257
13029 -112.619
13039 -113.981
13049 -115.343
13059 -116.704
13069 -118.066
13079 -119.428
13089 -120.79
13099 -122.152
13109 -123.513
13119 -124.875
13129 -126.237
13139 -127.599
13149 -128.961
13159 -130.322
13169 -131.684
13179 -133.046
13189 -134.408
13199 -135.769
13209 -137.131
13219 -138.493
13229 -139.855
13239 -141.217
13249 -142.578
13259 -143.94
13269 -145.302
13279 -146.664
13289 -148.025
13299 -149.387
13309 -150.749
13319 -152.111
13329 -153.473
13339 -154.834
13349 -156.196
13359 -157.558
13369 -158.92
13379 -160.281
13389 -161.643
13399 -163.005
13409 -164.367
13419 -165.729
13429 -167.09
13439 -168.452
13449 -169.814
13459 -171.176
13469 -172.537
13479 -173.899
13489 -175.261
13499 -176.623
13509 -177.985
13519 -179.346
13529 -180.708
13539 -182.07
13549 -183.432
13559 -184.793
13569 -186.155
13579 -187.517
13589 -188.879
13599 -190.241
13609 -191.602
13619 -192.964
13629 -194.326
13639 -195.688
13649 -197.049
13659 -198.411
13669 -199.773
13679 -201.135
13689 -202.497
13699 -203.858
13709 -205.22
13719 -206.582
13729 -207.944
13739 -209.305
13749 -210.667
13759 -212.029
13769 -213.391
13779 -214.753
13789 -216.114
13799 -217.476
13809 -218.838
13819 -220.2
13829 -221.562
13839 -222.923
13849 -224.285
13859 -225.647
13869 -227.009
13879 -228.37
13889 -229.732
13899 -231.094
13909 -232.456
13919 -233.818
13929 -235.179
13939 -236.541
13949 -237.903
13959 -239.265
13969 -240.626
13979 -241.988
13989 -243.35
13999 -244.712
