9 NaN
19 NaN
29 NaN
39 NaN
49 NaN
59 NaN
69 NaN
79 NaN
89 NaN
99 NaN
109 NaN
119 NaN
129 NaN
139 NaN
149 NaN
159 NaN
169 NaN
179 NaN
189 NaN
199 NaN
209 NaN
219 NaN
229 NaN
239 NaN
249 NaN
259 NaN
269 NaN
279 NaN
289 NaN
299 NaN
309 NaN
319 NaN
329 NaN
339 NaN
349 NaN
359 NaN
369 NaN
379 NaN
389 NaN
399 NaN
409 NaN
419 NaN
429 NaN
439 NaN
449 NaN
459 NaN
469 NaN
479 NaN
489 NaN
499 NaN
509 NaN
519 NaN
529 NaN
539 NaN
549 NaN
559 NaN
569 NaN
579 NaN
589 NaN
599 NaN
609 NaN
619 NaN
629 NaN
639 NaN
649 NaN
659 NaN
669 NaN
679 NaN
689 NaN
699 NaN
709 NaN
719 NaN
729 NaN
739 NaN
749 NaN
759 NaN
769 NaN
779 NaN
789 NaN
799 NaN
809 NaN
819 NaN
829 NaN
839 NaN
849 NaN
859 NaN
869 NaN
879 NaN
889 NaN
899 NaN
909 NaN
919 NaN
929 NaN
939 NaN
949 NaN
959 NaN
969 NaN
979 NaN
989 NaN
999 NaN
1009 NaN
1019 NaN
1029 NaN
1039 NaN
1049 NaN
1059 NaN
1069 NaN
1079 NaN
1089 NaN
1099 NaN
1109 NaN
1119 NaN
1129 NaN
1139 NaN
1149 NaN
1159 NaN
1169 NaN
1179 NaN
1189 NaN
1199 NaN
1209 NaN
1219 NaN
1229 NaN
1239 NaN
1249 NaN
1259 NaN
1269 NaN
1279 NaN
1289 NaN
1299 NaN
1309 NaN
1319 NaN
1329 NaN
1339 NaN
1349 NaN
1359 NaN
1369 NaN
1379 NaN
1389 NaN
1399 NaN
1409 NaN
1419 NaN
1429 NaN
1439 NaN
1449 NaN
1459 NaN
1469 NaN
1479 NaN
1489 NaN
1499 NaN
1509 NaN
1519 NaN
1529 NaN
1539 NaN
1549 NaN
1559 NaN
1569 NaN
1579 NaN
1589 NaN
1599 NaN
1609 NaN
1619 NaN
1629 NaN
1639 NaN
1649 NaN
1659 NaN
1669 NaN
1679 NaN
1689 NaN
1699 NaN
1709 NaN
1719 NaN
1729 NaN
1739 NaN
1749 NaN
1759 NaN
1769 NaN
1779 NaN
1789 NaN
1799 0
1809 0
1819 0
1829 0
1839 0
1849 0
1859 0
1869 0
1879 0
1889 0
1899 0
1909 0
1919 0
1929 0
1939 0
1949 0
1959 0
1969 0
1979 0
1989 0
1999 0
2009 0
2019 0
2029 0
2039 0
2049 0
2059 0
2069 0
2079 0
2089 0
2099 0
2109 0
2119 0
2129 0
2139 0
2149 0
2159 0
2169 0
2179 0
2189 0
2199 0
2209 0
2219 0
2229 0
2239 0
2249 0
2259 0
2269 0
2279 0
2289 0
2299 0
2309 0
2319 0
2329 0
2339 0
2349 0
2359 0
2369 0
2379 0
2389 0
2399 0
2409 0
2419 0
2429 0
2439 0
2449 0
2459 0
2469 0
2479 0
2489 0
2499 0
2509 0
2519 0
2529 0
2539 0
2549 0
2559 0
2569 0
2579 0
2589 0
2599 0
2609 0
2619 0
2629 0
2639 0
2649 0
2659 0
2669 0
2679 0
2689 0
2699 0
2709 0
2719 0
2729 0
2739 0
2749 0
2759 0
2769 0
2779 0
2789 0
2799 0
2809 0
2819 0
2829 0
2839 0
2849 0
2859 0
2869 0
2879 0
2889 0
2899 0
2909 0
2919 0
2929 0
2939 0
2949 0
2959 0
2969 0
2979 0
2989 0
2999 0
3009 0
3019 0
3029 0
3039 0
3049 0
3059 0
3069 0
3079 0
3089 0
3099 0
3109 0
3119 0
3129 0
3139 0
3149 0
3159 0
3169 0
3179 0
3189 0
3199 0
3209 0
3219 0
3229 0
3239 0
3249 0
3259 0
3269 0
3279 0
3289 0
3299 0
3309 0
3319 0
3329 0
3339 0
3349 0
3359 0
3369 0
3379 0
3389 0
3399 0
3409 0
3419 0
3429 0
3439 0
3449 0
3459 0
3469 0
3479 0
3489 0
3499 0
3509 0
3519 0
3529 0
3539 0
3549 0
3559 0
3569 0
3579 0
3589 0
3599 0
3609 0
3619 0
3629 0
3639 0
3649 0
3659 0
3669 0
3679 0
3689 0
3699 0
3709 0
3719 0
3729 0
3739 0
3749 0
3759 0
3769 0
3779 0
3789 0
3799 0
3809 0
3819 0
3829 0
3839 0
3849 0
3859 0
3869 0
3879 0
3889 0
3899 0
3909 0
3919 0
3929 0
3939 0
3949 0
3959 0
3969 0
3979 0
3989 0
3999 0
4009 0
4019 0
4029 0
4039 0
4049 0
4059 0
4069 0
4079 0
4089 0
4099 0
4109 0
4119 0
4129 0
4139 0
4149 0
4159 0
4169 0
4179 0
4189 0
4199 0
4209 0
4219 0
4229 0
4239 0
4249 0
4259 0
4269 0
4279 0
4289 0
4299 0
4309 0
4319 0
4329 0
4339 0
4349 0
4359 0
4369 0
4379 0
4389 0
4399 0
4409 0
4419 0
4429 0
4439 0
4449 0
4459 0
4469 0
4479 0
4489 0
4499 0
4509 0
4519 0
4529 0
4539 0
4549 0
4559 0
4569 0
4579 0
4589 0
4599 0
4609 0
4619 0
4629 0
4639 0
4649 0
4659 0
4669 0
4679 0
4689 0
4699 0
4709 0
4719 0
4729 0
4739 0
4749 0
4759 0
4769 0
4779 0
4789 0
4799 0
4809 0
4819 0
4829 0
4839 0
4849 0
4859 0
4869 0
4879 0
4889 0
4899 0
4909 0
4919 0
4929 0
4939 0
4949 0
4959 0
4969 0
4979 0
4989 0
4999 0
5009 0
5019 0
5029 0
5039 0
5049 0
5059 0
5069 0
5079 0
5089 0
5099 0
5109 0
5119 0
5129 0
5139 0
5149 0
5159 0
5169 0
5179 0
5189 0
5199 0
5209 0
5219 0
5229 0
5239 0
5249 0
5259 0
5269 0
5279 0
5289 0
5299 0
5309 0
5319 0
5329 0
5339 0
5349 0
5359 0
5369 0
5379 0
5389 0
5399 0
5409 0
5419 0
5429 0
5439 0
5449 0
5459 0
5469 0
5479 0
5489 0
5499 0
5509 0
5519 0
5529 0
5539 0
5549 0
5559 0
5569 0
5579 0
5589 0
5599 0
5609 0
5619 0
5629 0
5639 0
5649 0
5659 0
5669 0
5679 0
5689 0
5699 0
5709 0
5719 0
5729 0
5739 0
5749 0
5759 0
5769 0
5779 0
5789 0
5799 0
5809 0
5819 0
5829 0
5839 0
5849 0
5859 0
5869 0
5879 0
5889 0
5899 0
5909 0
5919 0
5929 0
5939 0
5949 0
5959 0
5969 0
5979 0
5989 0
5999 0
6009 0
6019 0
6029 0
6039 0
6049 0
6059 0
6069 0
6079 0
6089 0
6099 0
6109 0
6119 0
6129 0
6139 0
6149 0
6159 0
6169 0
6179 0
6189 0
6199 0
6209 0
6219 0
6229 0
6239 0
6249 0
6259 0
6269 0
6279 0
6289 0
6299 0
6309 0
6319 0
6329 0
6339 0
6349 0
6359 0
6369 0
6379 0
6389 0
6399 0
6409 0
6419 0
6429 0
6439 0
6449 0
6459 0
6469 0
6479 0
6489 0
6499 0
6509 0
6519 0
6529 0
6539 0
6549 0
6559 0
6569 0
6579 0
6589 0
6599 0
6609 0
6619 0
6629 0
6639 0
6649 0
6659 0
6669 0
6679 0
6689 0
6699 0
6709 0
6719 0
6729 0
6739 0
6749 0
6759 0
6769 0
6779 0
6789 0
6799 0
6809 0
6819 0
6829 0
6839 0
6849 0
6859 0
6869 0
6879 0
6889 0
6899 0
6909 0
6919 0
6929 0
6939 0
6949 0
6959 0
6969 0
6979 0
6989 0
6999 0
7009 0
7019 0
7029 0
7039 0
7049 0
7059 0
7069 0
7079 0
7089 0
7099 0
7109 0
7119 0
7129 0
7139 0
7149 0
7159 0
7169 0
7179 0
7189 0
7199 0
7209 0
7219 0
7229 0
7239 0
7249 0
7259 0
7269 0
7279 0
7289 0
7299 0
7309 0
7319 0
7329 0
7339 0
7349 0
7359 0
7369 0
7379 0
7389 0
7399 0
7409 0
7419 0
7429 0
7439 0
7449 0
7459 0
7469 0
7479 0
7489 0
7499 0
7509 0
7519 0
7529 0
7539 0
7549 0
7559 0
7569 0
7579 0
7589 0
7599 0
7609 0
7619 0
7629 0
7639 0
7649 0
7659 0
7669 0
7679 0
7689 0
7699 0
7709 0
7719 0
7729 0
7739 0
7749 0
7759 0
7769 0
7779 0
7789 0
7799 0
7809 0
7819 0
7829 0
7839 0
7849 0
7859 0
7869 0
7879 0
7889 0
7899 0
7909 0
7919 0
7929 0
7939 0
7949 0
7959 0
7969 0
7979 0
7989 0
7999 0
8009 0
8019 0
8029 0
8039 0
8049 0
8059 0
8069 0
8079 0
8089 0
8099 0
8109 0
8119 0
8129 0
8139 0
8149 0
8159 0
8169 0
8179 0
8189 0
8199 0
8209 0
8219 0
8229 0
8239 0
8249 0
8259 0
8269 0
8279 0
8289 0
8299 0
8309 0
8319 0
8329 0
8339 0
8349 0
8359 0
8369 0
8379 0
8389 0
8399 0
8409 0
8419 0
8429 0
8439 0
8449 0
8459 0
8469 0
8479 0
8489 0
8499 0
8509 0
8519 0
8529 0
8539 0
8549 0
8559 0
8569 0
8579 0
8589 0
8599 0
8609 0
8619 0
8629 0
8639 0
8649 0
8659 0
8669 0
8679 0
8689 0
8699 0
8709 0
8719 0
8729 0
8739 0
8749 0
8759 0
8769 0
8779 0
8789 0
8799 0
8809 0
8819 0
8829 0
8839 0
8849 0
8859 0
8869 0
8879 0
8889 0
8899 0
8909 0
8919 0
8929 0
8939 0
8949 0
8959 0
8969 0
8979 0
8989 0
8999 0
9009 0
9019 0
9029 0
9039 0
9049 0
9059 0
9069 0
9079 0
9089 0
9099 0
9109 0
9119 0
9129 0
9139 0
9149 0
9159 0
9169 0
9179 0
9189 0
9199 0
9209 0
9219 0
9229 0
9239 0
9249 0
9259 0
9269 0
9279 0
9289 0
9299 0
9309 0
9319 0
9329 0
9339 0
9349 0
9359 0
9369 0
9379 0
9389 0
9399 0
9409 0
9419 0
9429 0
9439 0
9449 0
9459 0
9469 0
9479 0
9489 0
9499 0
9509 0
9519 0
9529 0
9539 0
9549 0
9559 0
9569 0
9579 0
9589 0
9599 0
9609 0
9619 0
9629 0
9639 0
9649 0
9659 0
9669 0
9679 0
9689 0
9699 0
9709 0
9719 0
9729 0
9739 0
9749 0
9759 0
9769 0
9779 0
9789 0
9799 0
9809 0
9819 0
9829 0
9839 0
9849 0
9859 0
9869 0
9879 0
9889 0
9899 0
9909 0
9919 0
9929 0
9939 0
9949 0
9959 0
9969 0
9979 0
9989 0
9999 0
10009 0
10019 0
10029 0
10039 0
10049 0
10059 0
10069 0
10079 0
10089 0
10099 0
10109 0
10119 0
10129 0
10139 0
10149 0
10159 0
10169 0
10179 0
10189 0
10199 0
10209 0
10219 0
10229 0
10239 0
10249 0
10259 0
10269 0
10279 0
10289 0
10299 0
10309 0
10319 0
10329 0
10339 0
10349 0
10359 0
10369 0
10379 0
10389 0
10399 0
10409 0
10419 0
10429 0
10439 0
10449 0
10459 0
10469 0
10479 0
10489 0
10499 0
10509 0
10519 0
10529 0
10539 0
10549 0
10559 0
10569 0
10579 0
10589 0
10599 0
10609 0
10619 0
10629 0
10639 0
10649 0
10659 0
10669 0
10679 0
10689 0
10699 0
10709 0
10719 0
10729 0
10739 0
10749 0
10759 0
10769 0
10779 0
10789 0
10799 0
10809 0
10819 0
10829 0
10839 0
10849 0
10859 0
10869 0
10879 0
10889 0
10899 0
10909 0
10919 0
10929 0
10939 0
10949 0
10959 0
10969 0
10979 0
10989 0
10999 0
11009 0
11019 0
11029 0
11039 0
11049 0
11059 0
11069 0
11079 0
11089 0
11099 0
11109 0
11119 0
11129 0
11139 0
11149 0
11159 0
11169 0
11179 0
11189 0
11199 0
11209 0
11219 0
11229 0
11239 0
11249 0
11259 0
11269 0
11279 0
11289 0
11299 0
11309 0
11319 0
11329 0
11339 0
11349 0
11359 0
11369 0
11379 0
11389 0
11399 0
11409 0
11419 0
11429 0
11439 0
11449 0
11459 0
11469 0
11479 0
11489 0
11499 0
11509 0
11519 0
11529 0
11539 0
11549 0
11559 0
11569 0
11579 0
11589 0
11599 0
11609 0
11619 0
11629 0
11639 0
11649 0
11659 0
11669 0
11679 0
11689 0
11699 0
11709 0
11719 0
11729 0
11739 0
11749 0
11759 0
11769 0
11779 0
11789 0
11799 0
11809 0
11819 0
11829 0
11839 0
11849 0
11859 0
11869 0
11879 0
11889 0
11899 0
11909 0
11919 0
11929 0
11939 0
11949 0
11959 0
11969 0
11979 0
11989 0
11999 0
12009 0
12019 0
12029 0
12039 0
12049 0
12059 0
12069 0
12079 0
12089 0
12099 0
12109 0
12119 0
12129 0
12139 0
12149 0
12159 0
12169 0
12179 0
12189 0
12199 0
12209 NaN
12219 NaN
12229 NaN
12239 NaN
12249 NaN
12259 NaN
12269 NaN
12279 NaN
12289 NaN
12299 NaN
12309 NaN
12319 NaN
12329 NaN
12339 NaN
12349 NaN
12359 NaN
12369 NaN
12379 NaN
12389 NaN
12399 NaN
12409 NaN
12419 NaN
12429 NaN
12439 NaN
12449 NaN
12459 NaN
12469 NaN
12479 NaN
12489 NaN
12499 NaN
12509 NaN
12519 NaN
12529 NaN
12539 NaN
12549 NaN
12559 NaN
12569 NaN
12579 NaN
12589 NaN
12599 NaN
12609 NaN
12619 NaN
12629 NaN
12639 NaN
12649 NaN
12659 NaN
12669 NaN
12679 NaN
12689 NaN
12699 NaN
12709 NaN
12719 NaN
12729 NaN
12739 NaN
12749 NaN
12759 NaN
12769 NaN
12779 NaN
12789 NaN
12799 NaN
12809 NaN
12819 NaN
12829 NaN
12839 NaN
12849 NaN
12859 NaN
12869 NaN
12879 NaN
12889 NaN
12899 NaN
12909 NaN
12919 NaN
12929 NaN
12939 NaN
12949 NaN
12959 NaN
12969 NaN
12979 NaN
12989 NaN
12999 NaN
13009 NaN
13019 NaN
13029 NaN
13039 NaN
13049 NaN
13059 NaN
13069 NaN
13079 NaN
13089 NaN
13099 NaN
13109 NaN
13119 NaN
13129 NaN
13139 NaN
13149 NaN
13159 NaN
13169 NaN
13179 NaN
13189 NaN
13199 NaN
13209 NaN
13219 NaN
13229 NaN
13239 NaN
13249 NaN
13259 NaN
13269 NaN
13279 NaN
13289 NaN
13299 NaN
13309 NaN
13319 NaN
13329 NaN
13339 NaN
13349 NaN
13359 NaN
13369 NaN
13379 NaN
13389 NaN
13399 NaN
13409 NaN
13419 NaN
13429 NaN
13439 NaN
13449 NaN
13459 NaN
13469 NaN
13479 NaN
13489 NaN
13499 NaN
13509 NaN
13519 NaN
13529 NaN
13539 NaN
13549 NaN
13559 NaN
13569 NaN
13579 NaN
13589 NaN
13599 NaN
13609 NaN
13619 NaN
13629 NaN
13639 NaN
13649 NaN
13659 NaN
13669 NaN
13679 NaN
13689 NaN
13699 NaN
13709 NaN
13719 NaN
13729 NaN
13739 NaN
13749 NaN
13759 NaN
13769 NaN
13779 NaN
13789 NaN
13799 NaN
13809 NaN
13819 NaN
13829 NaN
13839 NaN
13849 NaN
13859 NaN
13869 NaN
13879 NaN
13889 NaN
13899 NaN
13909 NaN
13919 NaN
13929 NaN
13939 NaN
13949 NaN
13959 NaN
13969 NaN
13979 NaN
13989 NaN
13999 NaN
